0	17	22	7	15	18	21	6	14	19	16	9	10	4	5	-22.909372	-43.108246	-22.910699	-43.10948	-22.907782	-43.106361	-22.907239	-43.105387	-22.906818	-43.106869	-22.905087	-43.107453	-22.904373	-43.103814	-22.910016	-43.101377	-22.90366	-43.106113	-22.903591	-43.108331	-22.903264	-43.114348	-22.902568	-43.115071	-22.903908	-43.115915	-22.906722	-43.098958	-22.903924	-43.116136	0	194	261	396	424	711	805	832	888	901	923	1030	1115	1141	1170	1
0	17	22	7	15	40	21	31	14	25	16	9	52	4	5	-22.909372	-43.108246	-22.910699	-43.10948	-22.907782	-43.106361	-22.907239	-43.105387	-22.906818	-43.106869	-22.89678	-43.12719	-22.904373	-43.103814	-22.89018	-43.12158	-22.90366	-43.106113	-22.89611	-43.12112	-22.903264	-43.114348	-22.902568	-43.115071	-22.90322	-43.12657	-22.906722	-43.098958	-22.903924	-43.116136	0	194	261	396	424	2912	3171	2820	2484	2220	1768	1030	1456	3563	1170	0
1	11	8	3	9	19	16	14	10	62	5	33	18	12	45	-22.899432	-43.110969	-22.899365	-43.109524	-22.901785	-43.107909	-22.90007	-43.106351	-22.902568	-43.115071	-22.903591	-43.108331	-22.903264	-43.114348	-22.90366	-43.106113	-22.903908	-43.115915	-22.89374	-43.11292	-22.903924	-43.116136	-22.89511	-43.11649	-22.905087	-43.107453	-22.900926	-43.103558	-22.8917	-43.11368	0	145	412	541	569	655	675	685	745	751	760	863	892	918	936	1
1	43	8	3	9	38	16	61	10	62	5	50	18	12	45	-22.899432	-43.110969	-22.88978	-43.11767	-22.901785	-43.107909	-22.90007	-43.106351	-22.902568	-43.115071	-22.88808	-43.11458	-22.903264	-43.114348	-22.90343	-43.13565	-22.903908	-43.115915	-22.89374	-43.11292	-22.903924	-43.116136	-22.90371	-43.12273	-22.905087	-43.107453	-22.900926	-43.103558	-22.8917	-43.11368	0	1538	1949	541	569	1835	1941	2771	2578	751	760	887	2064	918	936	0
2	20	13	12	21	4	7	3	14	22	15	8	11	18	0	-22.901827	-43.099318	-22.900627	-43.098892	-22.9051	-43.097991	-22.900926	-43.103558	-22.904373	-43.103814	-22.906722	-43.098958	-22.907239	-43.105387	-22.90007	-43.106351	-22.90366	-43.106113	-22.907782	-43.106361	-22.906818	-43.106869	-22.901785	-43.107909	-22.899365	-43.109524	-22.905087	-43.107453	-22.909372	-43.108246	0	260	505	586	626	696	915	948	960	1000	1065	1196	1215	1249	1264	1
2	20	27	12	21	4	7	3	14	22	35	8	36	9	0	-22.901827	-43.099318	-22.900627	-43.098892	-22.89592	-43.12417	-22.900926	-43.103558	-22.904373	-43.103814	-22.906722	-43.098958	-22.907239	-43.105387	-22.90007	-43.106351	-22.90366	-43.106113	-22.907782	-43.106361	-22.88648	-43.12292	-22.901785	-43.107909	-22.88544	-43.12166	-22.902568	-43.115071	-22.909372	-43.108246	0	260	3230	2733	626	696	915	948	960	1000	3557	2716	2644	2698	1030	0
3	8	11	12	1	19	14	18	21	2	20	15	9	7	16	-22.90007	-43.106351	-22.901785	-43.107909	-22.899365	-43.109524	-22.900926	-43.103558	-22.899432	-43.110969	-22.903591	-43.108331	-22.90366	-43.106113	-22.905087	-43.107453	-22.904373	-43.103814	-22.901827	-43.099318	-22.900627	-43.098892	-22.906818	-43.106869	-22.902568	-43.115071	-22.907239	-43.105387	-22.903264	-43.114348	0	248	391	425	541	552	581	789	835	948	999	1059	1110	1120	1163	1
3	8	11	12	1	22	14	48	60	2	20	15	13	4	16	-22.90007	-43.106351	-22.901785	-43.107909	-22.899365	-43.109524	-22.900926	-43.103558	-22.899432	-43.110969	-22.907782	-43.106361	-22.90366	-43.106113	-22.90067	-43.12199	-22.90827	-43.13023	-22.901827	-43.099318	-22.900627	-43.098892	-22.906818	-43.106869	-22.9051	-43.097991	-22.906722	-43.098958	-22.903264	-43.114348	0	248	391	425	541	1308	624	1998	1452	3784	999	1059	1264	216	2065	0
4	13	6	21	2	12	20	7	22	14	15	0	3	18	19	-22.906722	-43.098958	-22.9051	-43.097991	-22.910016	-43.101377	-22.904373	-43.103814	-22.901827	-43.099318	-22.900926	-43.103558	-22.900627	-43.098892	-22.907239	-43.105387	-22.907782	-43.106361	-22.90366	-43.106113	-22.906818	-43.106869	-22.909372	-43.108246	-22.90007	-43.106351	-22.905087	-43.107453	-22.903591	-43.108331	0	216	586	661	696	872	919	934	994	1019	1067	1141	1191	1307	1319	1
4	13	6	21	2	12	20	36	22	14	23	0	3	57	19	-22.906722	-43.098958	-22.9051	-43.097991	-22.910016	-43.101377	-22.904373	-43.103814	-22.901827	-43.099318	-22.900926	-43.103558	-22.900627	-43.098892	-22.88544	-43.12166	-22.907782	-43.106361	-22.90366	-43.106113	-22.89486	-43.11948	-22.909372	-43.108246	-22.90007	-43.106351	-22.90464	-43.1302	-22.903591	-43.108331	0	216	586	661	696	872	919	3632	3502	1019	1932	2726	1191	2833	2786	0
5	10	9	16	49	1	50	11	17	19	51	8	48	0	18	-22.903924	-43.116136	-22.903908	-43.115915	-22.902568	-43.115071	-22.903264	-43.114348	-22.90501	-43.11882	-22.899432	-43.110969	-22.90371	-43.12273	-22.899365	-43.109524	-22.910699	-43.10948	-22.903591	-43.108331	-22.90369	-43.12538	-22.901785	-43.107909	-22.90067	-43.12199	-22.909372	-43.108246	-22.905087	-43.107453	0	85	192	277	320	760	887	906	1054	1124	1157	1162	1188	1201	1233	1
5	45	9	16	49	1	50	27	17	19	38	44	48	0	18	-22.903924	-43.116136	-22.8917	-43.11368	-22.902568	-43.115071	-22.903264	-43.114348	-22.90501	-43.11882	-22.899432	-43.110969	-22.90371	-43.12273	-22.89592	-43.12417	-22.910699	-43.10948	-22.903591	-43.108331	-22.88808	-43.11458	-22.88676	-43.11535	-22.90067	-43.12199	-22.909372	-43.108246	-22.905087	-43.107453	0	1637	1446	277	320	760	887	1047	2847	1124	1979	400	2297	1201	1233	0
6	4	7	22	15	13	0	21	14	17	18	19	8	2	12	-22.910016	-43.101377	-22.906722	-43.098958	-22.907239	-43.105387	-22.907782	-43.106361	-22.906818	-43.106869	-22.9051	-43.097991	-22.909372	-43.108246	-22.904373	-43.103814	-22.90366	-43.106113	-22.910699	-43.10948	-22.905087	-43.107453	-22.903591	-43.108331	-22.901785	-43.107909	-22.901827	-43.099318	-22.900926	-43.103558	0	586	625	709	757	802	832	903	980	1028	1073	1268	1314	1321	1399	1
6	34	7	22	15	13	11	17	14	28	18	19	30	2	12	-22.910016	-43.101377	-22.88587	-43.12484	-22.907239	-43.105387	-22.907782	-43.106361	-22.906818	-43.106869	-22.9051	-43.097991	-22.899365	-43.109524	-22.910699	-43.10948	-22.90366	-43.106113	-22.89101	-43.12368	-22.905087	-43.107453	-22.903591	-43.108331	-22.88953	-43.12773	-22.901827	-43.099318	-22.900926	-43.103558	0	4262	3780	709	757	802	1572	1756	1082	2684	2851	1268	3508	3974	1399	0
7	22	15	0	21	18	14	17	6	19	8	2	4	12	20	-22.907239	-43.105387	-22.907782	-43.106361	-22.906818	-43.106869	-22.909372	-43.108246	-22.904373	-43.103814	-22.905087	-43.107453	-22.90366	-43.106113	-22.910699	-43.10948	-22.910016	-43.101377	-22.903591	-43.108331	-22.901785	-43.107909	-22.901827	-43.099318	-22.906722	-43.098958	-22.900926	-43.103558	-22.900627	-43.098892	0	132	205	396	456	521	539	590	625	715	873	915	934	966	1102	1
7	22	15	0	21	18	35	17	32	41	8	2	4	12	20	-22.907239	-43.105387	-22.907782	-43.106361	-22.906818	-43.106869	-22.909372	-43.108246	-22.904373	-43.103814	-22.905087	-43.107453	-22.88648	-43.12292	-22.910699	-43.10948	-22.89379	-43.11705	-22.89653	-43.12876	-22.901785	-43.107909	-22.901827	-43.099318	-22.906722	-43.098958	-22.900926	-43.103558	-22.900627	-43.098892	0	132	205	396	456	521	3197	3992	2726	1377	2695	915	934	966	1102	0
8	3	19	14	11	1	18	21	12	15	7	16	22	9	10	-22.901785	-43.107909	-22.90007	-43.106351	-22.903591	-43.108331	-22.90366	-43.106113	-22.899365	-43.109524	-22.899432	-43.110969	-22.905087	-43.107453	-22.904373	-43.103814	-22.900926	-43.103558	-22.906818	-43.106869	-22.907239	-43.105387	-22.903264	-43.114348	-22.907782	-43.106361	-22.902568	-43.115071	-22.903908	-43.115915	0	248	304	334	381	412	541	670	672	812	873	915	957	998	1104	1
8	3	46	14	11	1	18	24	12	15	37	44	21	9	10	-22.901785	-43.107909	-22.90007	-43.106351	-22.90004	-43.13109	-22.90366	-43.106113	-22.899365	-43.109524	-22.899432	-43.110969	-22.905087	-43.107453	-22.89581	-43.12202	-22.900926	-43.103558	-22.906818	-43.106869	-22.88544	-43.1214	-22.88676	-43.11535	-22.904373	-43.103814	-22.902568	-43.115071	-22.903908	-43.115915	0	248	2868	3011	381	412	541	2466	2477	812	3315	706	2522	1612	1104	0
9	16	10	5	49	1	11	19	8	0	18	50	3	15	17	-22.902568	-43.115071	-22.903264	-43.114348	-22.903908	-43.115915	-22.903924	-43.116136	-22.90501	-43.11882	-22.899432	-43.110969	-22.899365	-43.109524	-22.903591	-43.108331	-22.901785	-43.107909	-22.909372	-43.108246	-22.905087	-43.107453	-22.90371	-43.12273	-22.90007	-43.106351	-22.906818	-43.106869	-22.910699	-43.10948	0	107	176	192	491	569	714	954	998	1030	1041	1058	1110	1188	1238	1
9	16	10	5	44	1	11	19	8	0	18	47	31	15	17	-22.902568	-43.115071	-22.903264	-43.114348	-22.903908	-43.115915	-22.903924	-43.116136	-22.88676	-43.11535	-22.899432	-43.110969	-22.899365	-43.109524	-22.903591	-43.108331	-22.901785	-43.107909	-22.909372	-43.108246	-22.905087	-43.107453	-22.89647	-43.12476	-22.89018	-43.12158	-22.906818	-43.106869	-22.910699	-43.10948	0	107	176	192	2204	1502	714	954	998	1030	1041	2513	940	2891	1238	0
10	5	9	16	49	1	11	50	17	19	8	0	18	51	48	-22.903908	-43.115915	-22.903924	-43.116136	-22.902568	-43.115071	-22.903264	-43.114348	-22.90501	-43.11882	-22.899432	-43.110969	-22.899365	-43.109524	-22.90371	-43.12273	-22.910699	-43.10948	-22.903591	-43.108331	-22.901785	-43.107909	-22.909372	-43.108246	-22.905087	-43.107453	-22.90369	-43.12538	-22.90067	-43.12199	0	85	176	262	384	745	913	951	1049	1060	1104	1115	1147	1221	1252	1
10	5	9	16	49	1	11	3	59	19	17	0	26	51	48	-22.903908	-43.115915	-22.903924	-43.116136	-22.902568	-43.115071	-22.903264	-43.114348	-22.90501	-43.11882	-22.899432	-43.110969	-22.899365	-43.109524	-22.90007	-43.106351	-22.90653	-43.13089	-22.903591	-43.108331	-22.910699	-43.10948	-22.909372	-43.108246	-22.8939	-43.12397	-22.90369	-43.12538	-22.90067	-43.12199	0	85	176	262	384	745	913	391	3314	3028	1085	194	3151	1316	1252	0
11	1	8	3	19	14	9	16	12	62	18	5	10	33	21	-22.899365	-43.109524	-22.899432	-43.110969	-22.901785	-43.107909	-22.90007	-43.106351	-22.903591	-43.108331	-22.90366	-43.106113	-22.902568	-43.115071	-22.903264	-43.114348	-22.900926	-43.103558	-22.89374	-43.11292	-22.905087	-43.107453	-22.903924	-43.116136	-22.903908	-43.115915	-22.89511	-43.11649	-22.904373	-43.103814	0	145	381	391	645	674	714	722	769	881	882	906	913	992	1010	1
11	1	57	3	19	44	9	16	35	62	18	5	40	36	21	-22.899365	-43.109524	-22.899432	-43.110969	-22.90464	-43.1302	-22.90007	-43.106351	-22.903591	-43.108331	-22.88676	-43.11535	-22.902568	-43.115071	-22.903264	-43.114348	-22.88648	-43.12292	-22.89374	-43.11292	-22.905087	-43.107453	-22.903924	-43.116136	-22.89678	-43.12719	-22.88544	-43.12166	-22.904373	-43.103814	0	145	2292	2833	645	2157	2012	722	2860	1774	882	906	2042	1735	3253	0
12	3	14	21	2	20	18	8	19	11	13	4	15	1	7	-22.900926	-43.103558	-22.90007	-43.106351	-22.90366	-43.106113	-22.904373	-43.103814	-22.901827	-43.099318	-22.900627	-43.098892	-22.905087	-43.107453	-22.901785	-43.107909	-22.903591	-43.108331	-22.899365	-43.109524	-22.9051	-43.097991	-22.906722	-43.098958	-22.906818	-43.106869	-22.899432	-43.110969	-22.907239	-43.105387	0	425	455	544	586	636	663	672	687	769	851	872	893	918	966	1
12	3	14	21	2	20	18	8	32	50	5	4	34	1	7	-22.900926	-43.103558	-22.90007	-43.106351	-22.90366	-43.106113	-22.904373	-43.103814	-22.901827	-43.099318	-22.900627	-43.098892	-22.905087	-43.107453	-22.901785	-43.107909	-22.89379	-43.11705	-22.90371	-43.12273	-22.903924	-43.116136	-22.906722	-43.098958	-22.88587	-43.12484	-22.899432	-43.110969	-22.907239	-43.105387	0	425	455	544	586	636	663	672	1461	1853	887	2342	4266	2557	966	0
13	4	2	20	6	21	12	7	14	22	3	15	0	18	19	-22.9051	-43.097991	-22.906722	-43.098958	-22.901827	-43.099318	-22.900627	-43.098892	-22.910016	-43.101377	-22.904373	-43.103814	-22.900926	-43.103558	-22.907239	-43.105387	-22.90366	-43.106113	-22.907782	-43.106361	-22.90007	-43.106351	-22.906818	-43.106869	-22.909372	-43.108246	-22.905087	-43.107453	-22.903591	-43.108331	0	216	505	765	802	818	851	1107	1187	1192	1264	1272	1358	1448	1475	1
13	4	2	20	59	21	12	39	14	43	3	15	7	18	19	-22.9051	-43.097991	-22.906722	-43.098958	-22.901827	-43.099318	-22.900627	-43.098892	-22.90653	-43.13089	-22.904373	-43.103814	-22.900926	-43.103558	-22.88462	-43.12096	-22.90366	-43.106113	-22.88978	-43.11767	-22.90007	-43.106351	-22.906818	-43.106869	-22.907239	-43.105387	-22.905087	-43.107453	-22.903591	-43.108331	0	216	505	765	4090	3686	851	3116	2898	2222	2063	1272	205	521	1475	0
14	18	19	8	21	12	15	7	3	22	11	1	0	2	6	-22.90366	-43.106113	-22.905087	-43.107453	-22.903591	-43.108331	-22.901785	-43.107909	-22.904373	-43.103814	-22.900926	-43.103558	-22.906818	-43.106869	-22.907239	-43.105387	-22.90007	-43.106351	-22.907782	-43.106361	-22.899365	-43.109524	-22.899432	-43.110969	-22.909372	-43.108246	-22.901827	-43.099318	-22.910016	-43.101377	0	288	322	334	350	455	466	539	581	624	674	685	888	960	980	1
14	18	19	8	15	12	37	27	3	22	11	53	0	2	6	-22.90366	-43.106113	-22.905087	-43.107453	-22.903591	-43.108331	-22.901785	-43.107909	-22.906818	-43.106869	-22.900926	-43.103558	-22.88544	-43.1214	-22.89592	-43.12417	-22.90007	-43.106351	-22.907782	-43.106361	-22.899365	-43.109524	-22.90328	-43.12714	-22.909372	-43.108246	-22.901827	-43.099318	-22.910016	-43.101377	0	288	322	334	812	893	3110	1439	2356	624	674	2087	2479	960	980	0
15	22	7	18	0	21	14	19	17	6	8	12	3	2	4	-22.906818	-43.106869	-22.907782	-43.106361	-22.907239	-43.105387	-22.905087	-43.107453	-22.909372	-43.108246	-22.904373	-43.103814	-22.90366	-43.106113	-22.903591	-43.108331	-22.910699	-43.10948	-22.910016	-43.101377	-22.901785	-43.107909	-22.900926	-43.103558	-22.90007	-43.106351	-22.901827	-43.099318	-22.906722	-43.098958	0	159	205	314	424	447	466	509	618	785	800	893	1048	1065	1067	1
15	22	7	42	1	21	58	19	16	6	8	12	3	2	4	-22.906818	-43.106869	-22.907782	-43.106361	-22.907239	-43.105387	-22.88926	-43.11698	-22.899432	-43.110969	-22.904373	-43.103814	-22.90543	-43.13155	-22.903591	-43.108331	-22.903264	-43.114348	-22.910016	-43.101377	-22.901785	-43.107909	-22.900926	-43.103558	-22.90007	-43.106351	-22.901827	-43.099318	-22.906722	-43.098958	0	159	205	2695	1472	1021	3505	2950	880	1755	800	893	1048	1065	1067	0
16	9	10	5	49	1	11	19	8	0	18	15	17	50	3	-22.903264	-43.114348	-22.902568	-43.115071	-22.903908	-43.115915	-22.903924	-43.116136	-22.90501	-43.11882	-22.899432	-43.110969	-22.899365	-43.109524	-22.903591	-43.108331	-22.901785	-43.107909	-22.909372	-43.108246	-22.905087	-43.107453	-22.906818	-43.106869	-22.910699	-43.10948	-22.90371	-43.12273	-22.90007	-43.106351	0	107	262	277	577	675	722	880	915	923	962	1102	1132	1144	1163	1
16	9	34	56	49	57	11	25	44	0	18	15	17	50	3	-22.903264	-43.114348	-22.902568	-43.115071	-22.88587	-43.12484	-22.90147	-43.13138	-22.90501	-43.11882	-22.90464	-43.1302	-22.899365	-43.109524	-22.89611	-43.12112	-22.88676	-43.11535	-22.909372	-43.108246	-22.905087	-43.107453	-22.906818	-43.106869	-22.910699	-43.10948	-22.90371	-43.12273	-22.90007	-43.106351	0	107	2999	2204	1736	1373	2437	1665	1653	3042	962	1102	1132	1144	1163	0
17	0	22	7	15	18	21	6	10	5	14	19	16	9	4	-22.910699	-43.10948	-22.909372	-43.108246	-22.907782	-43.106361	-22.907239	-43.105387	-22.906818	-43.106869	-22.905087	-43.107453	-22.904373	-43.103814	-22.910016	-43.101377	-22.903908	-43.115915	-22.903924	-43.116136	-22.90366	-43.106113	-22.903591	-43.108331	-22.903264	-43.114348	-22.902568	-43.115071	-22.906722	-43.098958	0	194	455	590	618	934	999	1013	1049	1054	1082	1109	1132	1238	1323	1
17	0	22	7	15	18	21	61	36	56	14	19	5	9	4	-22.910699	-43.10948	-22.909372	-43.108246	-22.907782	-43.106361	-22.907239	-43.105387	-22.906818	-43.106869	-22.905087	-43.107453	-22.904373	-43.103814	-22.90343	-43.13565	-22.88544	-43.12166	-22.90147	-43.13138	-22.90366	-43.106113	-22.903591	-43.108331	-22.903924	-43.116136	-22.902568	-43.115071	-22.906722	-43.098958	0	194	455	590	618	934	999	4037	2944	2468	3160	1109	1124	192	1323	0
18	14	15	19	22	7	8	21	12	0	3	11	1	17	16	-22.905087	-43.107453	-22.90366	-43.106113	-22.906818	-43.106869	-22.903591	-43.108331	-22.907782	-43.106361	-22.907239	-43.105387	-22.901785	-43.107909	-22.904373	-43.103814	-22.900926	-43.103558	-22.909372	-43.108246	-22.90007	-43.106351	-22.899365	-43.109524	-22.899432	-43.110969	-22.910699	-43.10948	-22.903264	-43.114348	0	288	314	362	475	521	541	630	663	711	789	882	892	934	955	1
18	14	15	19	22	7	8	61	54	23	3	62	4	17	16	-22.905087	-43.107453	-22.90366	-43.106113	-22.906818	-43.106869	-22.903591	-43.108331	-22.907782	-43.106361	-22.907239	-43.105387	-22.901785	-43.107909	-22.90343	-43.13565	-22.90758	-43.12594	-22.89486	-43.11948	-22.90007	-43.106351	-22.89374	-43.11292	-22.906722	-43.098958	-22.910699	-43.10948	-22.903264	-43.114348	0	288	314	362	475	521	541	3418	1271	2081	1772	1276	2420	1337	955	0
19	8	14	18	15	3	11	1	21	22	12	7	16	0	9	-22.903591	-43.108331	-22.901785	-43.107909	-22.90366	-43.106113	-22.905087	-43.107453	-22.906818	-43.106869	-22.90007	-43.106351	-22.899365	-43.109524	-22.899432	-43.110969	-22.904373	-43.103814	-22.907782	-43.106361	-22.900926	-43.103558	-22.907239	-43.105387	-22.903264	-43.114348	-22.909372	-43.108246	-22.902568	-43.115071	0	304	322	362	509	552	645	655	658	670	697	715	880	901	954	1
19	5	49	18	45	3	11	1	21	23	12	7	16	0	9	-22.903591	-43.108331	-22.903924	-43.116136	-22.90501	-43.11882	-22.905087	-43.107453	-22.8917	-43.11368	-22.90007	-43.106351	-22.899365	-43.109524	-22.899432	-43.110969	-22.904373	-43.103814	-22.89486	-43.11948	-22.900926	-43.103558	-22.907239	-43.105387	-22.903264	-43.114348	-22.909372	-43.108246	-22.902568	-43.115071	0	1124	320	1497	1828	1461	645	655	658	2268	2150	715	880	901	954	0
20	2	12	21	13	4	3	14	7	15	22	8	11	18	19	-22.900627	-43.098892	-22.901827	-43.099318	-22.900926	-43.103558	-22.904373	-43.103814	-22.9051	-43.097991	-22.906722	-43.098958	-22.90007	-43.106351	-22.90366	-43.106113	-22.907239	-43.105387	-22.906818	-43.106869	-22.907782	-43.106361	-22.901785	-43.107909	-22.899365	-43.109524	-22.905087	-43.107453	-22.903591	-43.108331	0	260	636	738	765	919	999	1011	1102	1116	1186	1246	1266	1299	1316	1
20	2	12	21	13	4	3	17	41	62	22	8	28	18	19	-22.900627	-43.098892	-22.901827	-43.099318	-22.900926	-43.103558	-22.904373	-43.103814	-22.9051	-43.097991	-22.906722	-43.098958	-22.90007	-43.106351	-22.910699	-43.10948	-22.89653	-43.12876	-22.89374	-43.11292	-22.907782	-43.106361	-22.901785	-43.107909	-22.89101	-43.12368	-22.905087	-43.107453	-22.903591	-43.108331	0	260	636	738	765	919	999	1637	3205	1841	2059	1246	2411	2851	1316	0
21	14	15	7	22	12	2	18	19	4	8	20	0	13	3	-22.904373	-43.103814	-22.90366	-43.106113	-22.906818	-43.106869	-22.907239	-43.105387	-22.907782	-43.106361	-22.900926	-43.103558	-22.901827	-43.099318	-22.905087	-43.107453	-22.903591	-43.108331	-22.906722	-43.098958	-22.901785	-43.107909	-22.900627	-43.098892	-22.909372	-43.108246	-22.9051	-43.097991	-22.90007	-43.106351	0	350	447	456	541	544	626	630	658	661	670	738	805	818	835	1
21	35	15	7	22	12	2	38	47	4	28	48	0	13	3	-22.904373	-43.103814	-22.88648	-43.12292	-22.906818	-43.106869	-22.907239	-43.105387	-22.907782	-43.106361	-22.900926	-43.103558	-22.901827	-43.099318	-22.88808	-43.11458	-22.89647	-43.12476	-22.906722	-43.098958	-22.89101	-43.12368	-22.90067	-43.12199	-22.909372	-43.108246	-22.9051	-43.097991	-22.90007	-43.106351	0	3325	3395	456	541	544	626	2674	1847	3582	3668	1187	2325	818	835	0
22	7	15	0	17	18	21	14	19	6	8	4	2	12	16	-22.907782	-43.106361	-22.907239	-43.105387	-22.906818	-43.106869	-22.909372	-43.108246	-22.910699	-43.10948	-22.905087	-43.107453	-22.904373	-43.103814	-22.90366	-43.106113	-22.903591	-43.108331	-22.910016	-43.101377	-22.901785	-43.107909	-22.906722	-43.098958	-22.901827	-43.099318	-22.900926	-43.103558	-22.903264	-43.114348	0	132	159	261	455	475	541	624	670	709	957	994	1000	1051	1183	1
22	59	15	0	17	49	39	14	19	38	8	4	2	12	16	-22.907782	-43.106361	-22.90653	-43.13089	-22.906818	-43.106869	-22.909372	-43.108246	-22.910699	-43.10948	-22.90501	-43.11882	-22.88462	-43.12096	-22.90366	-43.106113	-22.903591	-43.108331	-22.88808	-43.11458	-22.901785	-43.107909	-22.906722	-43.098958	-22.901827	-43.099318	-22.900926	-43.103558	-22.903264	-43.114348	0	3334	3251	261	455	1344	2937	2898	670	1979	1736	994	1000	1051	1183	0
23	25	24	33	32	26	27	31	47	43	28	62	42	40	45	-22.89486	-43.11948	-22.89611	-43.12112	-22.89581	-43.12202	-22.89511	-43.11649	-22.89379	-43.11705	-22.8939	-43.12397	-22.89592	-43.12417	-22.89018	-43.12158	-22.89647	-43.12476	-22.88978	-43.11767	-22.89101	-43.12368	-22.89374	-43.11292	-22.88926	-43.11698	-22.89678	-43.12719	-22.8917	-43.11368	0	329	368	398	411	537	640	676	723	780	824	875	891	961	970	1
23	25	11	33	32	57	27	31	34	43	28	13	42	49	45	-22.89486	-43.11948	-22.89611	-43.12112	-22.899365	-43.109524	-22.89511	-43.11649	-22.89379	-43.11705	-22.90464	-43.1302	-22.89592	-43.12417	-22.89018	-43.12158	-22.88587	-43.12484	-22.88978	-43.11767	-22.89101	-43.12368	-22.9051	-43.097991	-22.88926	-43.11698	-22.90501	-43.11882	-22.8917	-43.11368	0	329	1665	992	411	2332	1393	676	763	1180	824	3664	3178	2473	1937	0
24	25	27	23	47	26	40	31	28	33	32	48	41	35	43	-22.89581	-43.12202	-22.89611	-43.12112	-22.89592	-43.12417	-22.89486	-43.11948	-22.89647	-43.12476	-22.8939	-43.12397	-22.89678	-43.12719	-22.89018	-43.12158	-22.89101	-43.12368	-22.89511	-43.11649	-22.89379	-43.11705	-22.90067	-43.12199	-22.89653	-43.12876	-22.88648	-43.12292	-22.88978	-43.11767	0	146	338	368	421	432	673	680	719	725	726	797	804	1096	1099	1
24	25	53	23	47	16	51	31	28	33	32	48	41	22	43	-22.89581	-43.12202	-22.89611	-43.12112	-22.90328	-43.12714	-22.89486	-43.11948	-22.89647	-43.12476	-22.903264	-43.114348	-22.90369	-43.12538	-22.89018	-43.12158	-22.89101	-43.12368	-22.89511	-43.11649	-22.89379	-43.11705	-22.90067	-43.12199	-22.89653	-43.12876	-22.907782	-43.106361	-22.88978	-43.11767	0	146	1222	1551	421	2001	1414	1800	719	725	726	797	804	3247	2846	0
25	24	23	27	47	26	40	33	32	48	31	28	41	43	50	-22.89611	-43.12112	-22.89581	-43.12202	-22.89486	-43.11948	-22.89592	-43.12417	-22.89647	-43.12476	-22.8939	-43.12397	-22.89678	-43.12719	-22.89511	-43.11649	-22.89379	-43.11705	-22.90067	-43.12199	-22.89018	-43.12158	-22.89101	-43.12368	-22.89653	-43.12876	-22.88978	-43.11767	-22.90371	-43.12273	0	146	329	334	419	523	671	686	688	698	721	810	844	1078	1109	1
25	24	52	3	47	26	40	46	32	48	31	28	7	43	50	-22.89611	-43.12112	-22.89581	-43.12202	-22.90322	-43.12657	-22.90007	-43.106351	-22.89647	-43.12476	-22.8939	-43.12397	-22.89678	-43.12719	-22.90004	-43.13109	-22.89379	-43.11705	-22.90067	-43.12199	-22.89018	-43.12158	-22.89101	-43.12368	-22.907239	-43.105387	-22.88978	-43.11767	-22.90371	-43.12273	0	146	1313	2434	2439	523	671	579	1851	698	721	810	3182	2761	1109	0
26	27	47	28	24	25	23	40	41	31	32	33	48	34	35	-22.8939	-43.12397	-22.89592	-43.12417	-22.89647	-43.12476	-22.89101	-43.12368	-22.89581	-43.12202	-22.89611	-43.12112	-22.89486	-43.11948	-22.89678	-43.12719	-22.89653	-43.12876	-22.89018	-43.12158	-22.89379	-43.11705	-22.89511	-43.11649	-22.90067	-43.12199	-22.88587	-43.12484	-22.88648	-43.12292	0	248	331	344	432	523	536	555	633	650	744	822	878	942	983	1
26	27	47	28	24	25	23	13	3	8	32	10	62	34	35	-22.8939	-43.12397	-22.89592	-43.12417	-22.89647	-43.12476	-22.89101	-43.12368	-22.89581	-43.12202	-22.89611	-43.12112	-22.89486	-43.11948	-22.9051	-43.097991	-22.90007	-43.106351	-22.901785	-43.107909	-22.89379	-43.11705	-22.903908	-43.115915	-22.89374	-43.11292	-22.88587	-43.12484	-22.88648	-43.12292	0	248	331	344	432	523	536	2953	1264	248	1461	1664	1438	1980	983	0
27	47	26	25	40	24	41	28	48	23	31	46	32	33	50	-22.89592	-43.12417	-22.89647	-43.12476	-22.8939	-43.12397	-22.89611	-43.12112	-22.89678	-43.12719	-22.89581	-43.12202	-22.89653	-43.12876	-22.89101	-43.12368	-22.90067	-43.12199	-22.89486	-43.11948	-22.89018	-43.12158	-22.90004	-43.13109	-22.89379	-43.11705	-22.89511	-43.11649	-22.90371	-43.12273	0	83	248	334	335	338	508	552	635	640	857	919	954	981	1047	1
27	45	15	25	40	24	41	28	54	23	31	9	61	33	50	-22.89592	-43.12417	-22.8917	-43.11368	-22.906818	-43.106869	-22.89611	-43.12112	-22.89678	-43.12719	-22.89581	-43.12202	-22.89653	-43.12876	-22.89101	-43.12368	-22.90758	-43.12594	-22.89486	-43.11948	-22.89018	-43.12158	-22.902568	-43.115071	-22.90343	-43.13565	-22.89511	-43.11649	-22.90371	-43.12273	0	1459	2088	2304	335	338	508	552	2238	2081	857	2249	2686	2549	1047	0
28	26	31	27	34	47	35	24	29	25	43	23	42	36	40	-22.89101	-43.12368	-22.8939	-43.12397	-22.89018	-43.12158	-22.89592	-43.12417	-22.88587	-43.12484	-22.89647	-43.12476	-22.88648	-43.12292	-22.89581	-43.12202	-22.8904	-43.12693	-22.89611	-43.12112	-22.88978	-43.11767	-22.89486	-43.11948	-22.88926	-43.11698	-22.88544	-43.12166	-22.89678	-43.12719	0	344	377	552	598	634	640	719	768	810	810	823	840	863	872	1
28	26	31	27	36	47	49	24	29	20	37	23	42	52	40	-22.89101	-43.12368	-22.8939	-43.12397	-22.89018	-43.12158	-22.89592	-43.12417	-22.88544	-43.12166	-22.89647	-43.12476	-22.90501	-43.11882	-22.89581	-43.12202	-22.8904	-43.12693	-22.900627	-43.098892	-22.88544	-43.1214	-22.89486	-43.11948	-22.88926	-43.11698	-22.90322	-43.12657	-22.89678	-43.12719	0	344	377	552	1414	1497	1424	1668	768	4157	3606	1079	840	2401	960	0
29	30	28	31	34	35	26	39	36	37	27	43	42	47	24	-22.8904	-43.12693	-22.88953	-43.12773	-22.89101	-43.12368	-22.89018	-43.12158	-22.88587	-43.12484	-22.88648	-43.12292	-22.8939	-43.12397	-22.88462	-43.12096	-22.88544	-43.12166	-22.88544	-43.1214	-22.89592	-43.12417	-22.88978	-43.11767	-22.88926	-43.11698	-22.89647	-43.12476	-22.89581	-43.12202	0	194	799	963	963	1004	1109	1205	1214	1239	1351	1380	1410	1433	1518	1
29	30	7	31	38	48	26	39	44	37	27	43	10	47	24	-22.8904	-43.12693	-22.88953	-43.12773	-22.907239	-43.105387	-22.89018	-43.12158	-22.88808	-43.11458	-22.90067	-43.12199	-22.8939	-43.12397	-22.88462	-43.12096	-22.88676	-43.11535	-22.88544	-43.1214	-22.89592	-43.12417	-22.88978	-43.11767	-22.903908	-43.115915	-22.89647	-43.12476	-22.89581	-43.12202	0	194	3848	3023	900	2258	878	1205	713	706	1351	1380	2224	1808	1518	0
30	28	29	34	31	35	26	39	36	37	27	43	42	47	24	-22.88953	-43.12773	-22.89101	-43.12368	-22.8904	-43.12693	-22.88587	-43.12484	-22.89018	-43.12158	-22.88648	-43.12292	-22.8939	-43.12397	-22.88462	-43.12096	-22.88544	-43.12166	-22.88544	-43.1214	-22.89592	-43.12417	-22.88978	-43.11767	-22.88926	-43.11698	-22.89647	-43.12476	-22.89581	-43.12202	0	667	699	830	831	872	977	1073	1082	1107	1218	1248	1278	1301	1385	1
30	28	29	34	31	52	40	62	36	37	20	54	42	47	24	-22.88953	-43.12773	-22.89101	-43.12368	-22.8904	-43.12693	-22.88587	-43.12484	-22.89018	-43.12158	-22.90322	-43.12657	-22.89678	-43.12719	-22.89374	-43.11292	-22.88544	-43.12166	-22.88544	-43.1214	-22.900627	-43.098892	-22.90758	-43.12594	-22.88926	-43.11698	-22.89647	-43.12476	-22.89581	-43.12202	0	667	699	830	831	1874	960	1738	1576	1107	3606	3396	2939	1301	1385	0
31	28	43	35	42	36	37	26	23	24	25	39	34	32	27	-22.89018	-43.12158	-22.89101	-43.12368	-22.88978	-43.11767	-22.88648	-43.12292	-22.88926	-43.11698	-22.88544	-43.12166	-22.88544	-43.1214	-22.8939	-43.12397	-22.89486	-43.11948	-22.89581	-43.12202	-22.89611	-43.12112	-22.88462	-43.12096	-22.88587	-43.12484	-22.89379	-43.11705	-22.89592	-43.12417	0	377	498	509	527	562	587	650	676	680	721	726	763	808	857	1
31	28	43	35	42	61	9	26	23	24	22	39	56	32	27	-22.89018	-43.12158	-22.89101	-43.12368	-22.88978	-43.11767	-22.88648	-43.12292	-22.88926	-43.11698	-22.90343	-43.13565	-22.902568	-43.115071	-22.8939	-43.12397	-22.89486	-43.11948	-22.89581	-43.12202	-22.907782	-43.106361	-22.88462	-43.12096	-22.90147	-43.13138	-22.89379	-43.11705	-22.89592	-43.12417	0	377	498	509	527	2934	2686	2121	676	680	2612	3522	2626	2008	857	0
32	33	23	62	45	43	25	24	26	42	31	28	27	38	47	-22.89379	-43.11705	-22.89511	-43.11649	-22.89486	-43.11948	-22.89374	-43.11292	-22.8917	-43.11368	-22.88978	-43.11767	-22.89611	-43.12112	-22.89581	-43.12202	-22.8939	-43.12397	-22.88926	-43.11698	-22.89018	-43.12158	-22.89101	-43.12368	-22.89592	-43.12417	-22.88808	-43.11458	-22.89647	-43.12476	0	222	411	464	583	642	688	726	744	753	807	950	954	1001	1037	1
32	33	23	12	45	35	61	24	8	42	31	28	27	38	47	-22.89379	-43.11705	-22.89511	-43.11649	-22.89486	-43.11948	-22.900926	-43.103558	-22.8917	-43.11368	-22.88648	-43.12292	-22.90343	-43.13565	-22.89581	-43.12202	-22.901785	-43.107909	-22.88926	-43.11698	-22.89018	-43.12158	-22.89101	-43.12368	-22.89592	-43.12417	-22.88808	-43.11458	-22.89647	-43.12476	0	222	411	2150	1838	1528	2732	1919	1986	1884	807	950	954	1001	1037	0
33	32	23	62	25	45	24	43	26	1	42	31	27	11	47	-22.89511	-43.11649	-22.89379	-43.11705	-22.89486	-43.11948	-22.89374	-43.11292	-22.89611	-43.12112	-22.8917	-43.11368	-22.89581	-43.12202	-22.88978	-43.11767	-22.8939	-43.12397	-22.899432	-43.110969	-22.88926	-43.11698	-22.89018	-43.12158	-22.89592	-43.12417	-22.899365	-43.109524	-22.89647	-43.12476	0	222	398	605	686	714	725	784	823	863	896	950	981	992	1064	1
33	32	23	62	25	40	24	43	26	30	42	51	8	11	47	-22.89511	-43.11649	-22.89379	-43.11705	-22.89486	-43.11948	-22.89374	-43.11292	-22.89611	-43.12112	-22.89678	-43.12719	-22.89581	-43.12202	-22.88978	-43.11767	-22.8939	-43.12397	-22.88953	-43.12773	-22.88926	-43.11698	-22.90369	-43.12538	-22.901785	-43.107909	-22.899365	-43.109524	-22.89647	-43.12476	0	222	398	605	686	671	673	784	823	1261	1278	2327	2288	381	1064	0
34	35	39	36	37	28	31	29	26	30	44	27	43	42	47	-22.88587	-43.12484	-22.88648	-43.12292	-22.88462	-43.12096	-22.88544	-43.12166	-22.88544	-43.1214	-22.89101	-43.12368	-22.89018	-43.12158	-22.8904	-43.12693	-22.8939	-43.12397	-22.88953	-43.12773	-22.88676	-43.11535	-22.89592	-43.12417	-22.88978	-43.11767	-22.88926	-43.11698	-22.89647	-43.12476	0	320	423	430	455	598	763	784	942	978	1135	1150	1180	1209	1233	1
34	35	39	49	37	28	45	29	51	54	44	27	43	42	47	-22.88587	-43.12484	-22.88648	-43.12292	-22.88462	-43.12096	-22.90501	-43.11882	-22.88544	-43.1214	-22.89101	-43.12368	-22.8917	-43.11368	-22.8904	-43.12693	-22.90369	-43.12538	-22.90758	-43.12594	-22.88676	-43.11535	-22.89592	-43.12417	-22.88978	-43.11767	-22.88926	-43.11698	-22.89647	-43.12476	0	320	423	2933	2801	598	1177	1951	2425	613	3352	1150	1180	1209	1233	0
35	36	37	34	39	31	28	29	44	43	42	26	30	24	25	-22.88648	-43.12292	-22.88544	-43.12166	-22.88544	-43.1214	-22.88587	-43.12484	-22.88462	-43.12096	-22.89018	-43.12158	-22.89101	-43.12368	-22.8904	-43.12693	-22.88676	-43.11535	-22.88978	-43.11767	-22.88926	-43.11698	-22.8939	-43.12397	-22.88953	-43.12773	-22.89581	-43.12202	-22.89611	-43.12112	0	212	237	320	373	509	640	826	902	925	955	983	1020	1096	1187	1
35	36	37	40	56	39	51	29	44	43	42	26	30	24	25	-22.88648	-43.12292	-22.88544	-43.12166	-22.88544	-43.1214	-22.89678	-43.12719	-22.90147	-43.13138	-22.88462	-43.12096	-22.90369	-43.12538	-22.8904	-43.12693	-22.88676	-43.11535	-22.88978	-43.11767	-22.88926	-43.11698	-22.8939	-43.12397	-22.88953	-43.12773	-22.89581	-43.12202	-22.89611	-43.12112	0	212	237	1760	728	2626	2507	2495	902	925	955	983	1020	1096	1187	0
36	37	39	35	34	31	44	43	28	42	29	23	38	26	30	-22.88544	-43.12166	-22.88544	-43.1214	-22.88462	-43.12096	-22.88648	-43.12292	-22.88587	-43.12484	-22.89018	-43.12158	-22.88676	-43.11535	-22.88978	-43.11767	-22.89101	-43.12368	-22.88926	-43.11698	-22.8904	-43.12693	-22.89486	-43.11948	-22.88808	-43.11458	-22.8939	-43.12397	-22.88953	-43.12773	0	25	171	212	430	562	731	846	863	875	1037	1104	1130	1195	1231	1
36	37	39	35	48	31	12	6	59	42	29	23	38	26	30	-22.88544	-43.12166	-22.88544	-43.1214	-22.88462	-43.12096	-22.88648	-43.12292	-22.90067	-43.12199	-22.89018	-43.12158	-22.900926	-43.103558	-22.910016	-43.101377	-22.90653	-43.13089	-22.88926	-43.11698	-22.8904	-43.12693	-22.89486	-43.11948	-22.88808	-43.11458	-22.8939	-43.12397	-22.88953	-43.12773	0	25	171	212	1692	1362	2702	1399	3906	3466	1037	1104	1130	1195	1231	0
37	36	39	35	34	31	44	43	42	28	29	23	38	26	32	-22.88544	-43.1214	-22.88544	-43.12166	-22.88462	-43.12096	-22.88648	-43.12292	-22.88587	-43.12484	-22.89018	-43.12158	-22.88676	-43.11535	-22.88978	-43.11767	-22.88926	-43.11698	-22.89101	-43.12368	-22.8904	-43.12693	-22.89486	-43.11948	-22.88808	-43.11458	-22.8939	-43.12397	-22.89379	-43.11705	0	25	146	237	455	587	706	820	850	888	1062	1079	1105	1220	1232	1
37	36	39	35	20	13	4	22	42	28	29	23	38	26	32	-22.88544	-43.1214	-22.88544	-43.12166	-22.88462	-43.12096	-22.88648	-43.12292	-22.900627	-43.098892	-22.9051	-43.097991	-22.906722	-43.098958	-22.907782	-43.106361	-22.88926	-43.11698	-22.89101	-43.12368	-22.8904	-43.12693	-22.89486	-43.11948	-22.88808	-43.11458	-22.8939	-43.12397	-22.89379	-43.11705	0	25	146	237	3704	765	216	994	2780	888	1062	1079	1105	1220	1232	0
38	42	44	45	43	62	31	32	33	37	39	36	28	23	1	-22.88808	-43.11458	-22.88926	-43.11698	-22.88676	-43.11535	-22.8917	-43.11368	-22.88978	-43.11767	-22.89374	-43.11292	-22.89018	-43.12158	-22.89379	-43.11705	-22.89511	-43.11649	-22.88544	-43.1214	-22.88462	-43.12096	-22.88544	-43.12166	-22.89101	-43.12368	-22.89486	-43.11948	-22.899432	-43.110969	0	370	400	422	477	668	900	1001	1104	1105	1112	1130	1213	1301	1325	1
38	42	51	30	43	62	31	7	59	37	39	36	3	23	1	-22.88808	-43.11458	-22.88926	-43.11698	-22.90369	-43.12538	-22.88953	-43.12773	-22.88978	-43.11767	-22.89374	-43.11292	-22.89018	-43.12158	-22.907239	-43.105387	-22.90653	-43.13089	-22.88544	-43.1214	-22.88462	-43.12096	-22.88544	-43.12166	-22.90007	-43.106351	-22.89486	-43.11948	-22.899432	-43.110969	0	370	2327	2689	1248	668	900	3023	3462	3514	1112	1130	2758	1772	1325	0
39	37	36	35	34	44	31	43	42	28	38	23	29	32	45	-22.88462	-43.12096	-22.88544	-43.1214	-22.88544	-43.12166	-22.88648	-43.12292	-22.88587	-43.12484	-22.88676	-43.11535	-22.89018	-43.12158	-22.88978	-43.11767	-22.88926	-43.11698	-22.89101	-43.12368	-22.88808	-43.11458	-22.89486	-43.11948	-22.8904	-43.12693	-22.89379	-43.11705	-22.8917	-43.11368	0	146	171	373	423	713	726	875	905	1021	1112	1185	1198	1267	1311	1
39	37	36	35	47	44	2	43	42	27	21	23	29	32	45	-22.88462	-43.12096	-22.88544	-43.1214	-22.88544	-43.12166	-22.88648	-43.12292	-22.89647	-43.12476	-22.88676	-43.11535	-22.901827	-43.099318	-22.88978	-43.11767	-22.88926	-43.11698	-22.89592	-43.12417	-22.904373	-43.103814	-22.89486	-43.11948	-22.8904	-43.12693	-22.89379	-43.11705	-22.8917	-43.11368	0	146	171	373	1274	1887	2851	2887	905	1392	2851	2268	1198	1267	1311	0
40	47	27	41	26	46	25	24	56	55	48	28	51	53	52	-22.89678	-43.12719	-22.89647	-43.12476	-22.89592	-43.12417	-22.89653	-43.12876	-22.8939	-43.12397	-22.90004	-43.13109	-22.89611	-43.12112	-22.89581	-43.12202	-22.90147	-43.13138	-22.90118	-43.13226	-22.90067	-43.12199	-22.89101	-43.12368	-22.90369	-43.12538	-22.90328	-43.12714	-22.90322	-43.12657	0	264	335	537	555	579	671	673	728	771	820	872	885	888	960	1
40	47	27	21	26	46	3	24	56	55	48	7	50	53	52	-22.89678	-43.12719	-22.89647	-43.12476	-22.89592	-43.12417	-22.904373	-43.103814	-22.8939	-43.12397	-22.90004	-43.13109	-22.90007	-43.106351	-22.89581	-43.12202	-22.90147	-43.13138	-22.90118	-43.13226	-22.90067	-43.12199	-22.907239	-43.105387	-22.90371	-43.12273	-22.90328	-43.12714	-22.90322	-43.12657	0	264	335	2851	2692	579	2868	2099	728	771	820	2355	2415	455	960	0
41	47	46	27	40	26	55	56	24	25	28	48	53	57	52	-22.89653	-43.12876	-22.89647	-43.12476	-22.90004	-43.13109	-22.89592	-43.12417	-22.89678	-43.12719	-22.8939	-43.12397	-22.90118	-43.13226	-22.90147	-43.13138	-22.89581	-43.12202	-22.89611	-43.12112	-22.89101	-43.12368	-22.90067	-43.12199	-22.90328	-43.12714	-22.90464	-43.1302	-22.90322	-43.12657	0	437	468	508	537	633	642	666	804	844	977	993	1015	1068	1073	1
41	32	42	27	40	26	55	7	10	25	28	48	53	61	52	-22.89653	-43.12876	-22.89379	-43.11705	-22.88926	-43.11698	-22.89592	-43.12417	-22.89678	-43.12719	-22.8939	-43.12397	-22.90118	-43.13226	-22.907239	-43.105387	-22.903908	-43.115915	-22.89611	-43.12112	-22.89101	-43.12368	-22.90067	-43.12199	-22.90328	-43.12714	-22.90343	-43.13565	-22.90322	-43.12657	0	1377	753	1392	537	633	642	3560	1500	1838	977	993	1015	1314	1372	0
42	43	38	44	31	45	32	62	28	37	36	23	33	39	35	-22.88926	-43.11698	-22.88978	-43.11767	-22.88808	-43.11458	-22.88676	-43.11535	-22.89018	-43.12158	-22.8917	-43.11368	-22.89379	-43.11705	-22.89374	-43.11292	-22.89101	-43.12368	-22.88544	-43.1214	-22.88544	-43.12166	-22.89486	-43.11948	-22.89511	-43.11649	-22.88462	-43.12096	-22.88648	-43.12292	0	104	370	436	527	570	753	816	840	850	875	891	896	905	955	1
42	43	6	44	12	45	32	62	28	11	56	23	33	57	35	-22.88926	-43.11698	-22.88978	-43.11767	-22.910016	-43.101377	-22.88676	-43.11535	-22.900926	-43.103558	-22.8917	-43.11368	-22.89379	-43.11705	-22.89374	-43.11292	-22.89101	-43.12368	-22.899365	-43.109524	-22.90147	-43.13138	-22.89486	-43.11948	-22.89511	-43.11649	-22.90464	-43.1302	-22.88648	-43.12292	0	104	3203	3167	2405	1838	753	816	840	2088	2621	1694	896	2259	2567	0
43	42	38	31	44	45	32	23	33	28	37	36	39	62	35	-22.88978	-43.11767	-22.88926	-43.11698	-22.88808	-43.11458	-22.89018	-43.12158	-22.88676	-43.11535	-22.8917	-43.11368	-22.89379	-43.11705	-22.89486	-43.11948	-22.89511	-43.11649	-22.89101	-43.12368	-22.88544	-43.1214	-22.88544	-43.12166	-22.88462	-43.12096	-22.89374	-43.11292	-22.88648	-43.12292	0	104	477	498	546	635	642	780	784	796	820	846	875	881	925	1
43	42	38	58	44	45	32	15	48	28	1	36	39	62	35	-22.88978	-43.11767	-22.88926	-43.11698	-22.88808	-43.11458	-22.90543	-43.13155	-22.88676	-43.11535	-22.8917	-43.11368	-22.89379	-43.11705	-22.906818	-43.106869	-22.90067	-43.12199	-22.89101	-43.12368	-22.899432	-43.110969	-22.88544	-43.12166	-22.88462	-43.12096	-22.89374	-43.11292	-22.88648	-43.12292	0	104	477	3307	3346	635	642	2130	2148	1187	1959	2232	875	881	925	0
44	38	42	43	45	37	39	36	62	35	31	34	32	28	33	-22.88676	-43.11535	-22.88808	-43.11458	-22.88926	-43.11698	-22.88978	-43.11767	-22.8917	-43.11368	-22.88544	-43.1214	-22.88462	-43.12096	-22.88544	-43.12166	-22.89374	-43.11292	-22.88648	-43.12292	-22.89018	-43.12158	-22.88587	-43.12484	-22.89379	-43.11705	-22.89101	-43.12368	-22.89511	-43.11649	0	400	436	546	599	706	713	731	846	902	946	1135	1152	1252	1252	1
44	7	42	9	45	37	39	36	3	35	29	24	32	28	33	-22.88676	-43.11535	-22.907239	-43.105387	-22.88926	-43.11698	-22.902568	-43.115071	-22.8917	-43.11368	-22.88544	-43.1214	-22.88462	-43.12096	-22.88544	-43.12166	-22.90007	-43.106351	-22.88648	-43.12292	-22.8904	-43.12693	-22.89581	-43.12202	-22.89379	-43.11705	-22.89101	-43.12368	-22.89511	-43.11649	0	2725	2695	1982	1446	706	713	731	2758	2829	826	1518	726	1252	1252	0
45	62	38	42	44	32	43	33	1	23	31	11	28	26	25	-22.8917	-43.11368	-22.89374	-43.11292	-22.88808	-43.11458	-22.88926	-43.11698	-22.88676	-43.11535	-22.89379	-43.11705	-22.88978	-43.11767	-22.89511	-43.11649	-22.899432	-43.110969	-22.89486	-43.11948	-22.89018	-43.12158	-22.899365	-43.109524	-22.89101	-43.12368	-22.8939	-43.12397	-22.89611	-43.12112	0	279	422	570	599	615	635	714	936	970	1025	1065	1177	1252	1259	1
45	62	34	42	44	32	49	33	1	23	31	11	37	35	25	-22.8917	-43.11368	-22.89374	-43.11292	-22.88587	-43.12484	-22.88926	-43.11698	-22.88676	-43.11535	-22.89379	-43.11705	-22.90501	-43.11882	-22.89511	-43.11649	-22.899432	-43.110969	-22.89486	-43.11948	-22.89018	-43.12158	-22.899365	-43.109524	-22.88544	-43.1214	-22.88648	-43.12292	-22.89611	-43.12112	0	279	1980	1209	599	615	1979	1803	936	970	1025	1065	2337	237	1187	0
46	55	56	41	40	57	61	53	58	52	47	51	27	60	26	-22.90004	-43.13109	-22.90118	-43.13226	-22.90147	-43.13138	-22.89653	-43.12876	-22.89678	-43.12719	-22.90464	-43.1302	-22.90343	-43.13565	-22.90328	-43.12714	-22.90543	-43.13155	-22.90322	-43.12657	-22.89647	-43.12476	-22.90369	-43.12538	-22.89592	-43.12417	-22.90827	-43.13023	-22.8939	-43.12397	0	174	199	468	579	591	642	709	754	766	848	894	919	1032	1107	1
46	62	56	41	33	57	61	9	58	52	47	51	31	60	26	-22.90004	-43.13109	-22.89374	-43.11292	-22.90147	-43.13138	-22.89653	-43.12876	-22.89511	-43.11649	-22.90464	-43.1302	-22.90343	-43.13565	-22.902568	-43.115071	-22.90543	-43.13155	-22.90322	-43.12657	-22.89647	-43.12476	-22.90369	-43.12538	-22.89018	-43.12158	-22.90827	-43.13023	-22.8939	-43.12397	0	2314	2471	468	1434	2259	642	2686	2028	766	848	894	1800	2677	1107	0
47	27	40	26	25	24	41	48	28	23	46	31	50	51	56	-22.89647	-43.12476	-22.89592	-43.12417	-22.89678	-43.12719	-22.8939	-43.12397	-22.89611	-43.12112	-22.89581	-43.12202	-22.89653	-43.12876	-22.90067	-43.12199	-22.89101	-43.12368	-22.89486	-43.11948	-22.90004	-43.13109	-22.89018	-43.12158	-22.90371	-43.12273	-22.90369	-43.12538	-22.90147	-43.13138	0	83	264	322	419	421	437	556	634	723	848	940	967	995	998	1
47	27	40	26	25	24	50	48	28	8	46	62	10	44	56	-22.89647	-43.12476	-22.89592	-43.12417	-22.89678	-43.12719	-22.8939	-43.12397	-22.89611	-43.12112	-22.89581	-43.12202	-22.90371	-43.12273	-22.90067	-43.12199	-22.89101	-43.12368	-22.901785	-43.107909	-22.90004	-43.13109	-22.89374	-43.11292	-22.903908	-43.115915	-22.88676	-43.11535	-22.90147	-43.13138	0	83	264	322	419	421	1208	411	634	2370	2757	2314	1438	2188	2897	0
48	50	47	27	51	25	52	24	53	40	49	26	41	54	23	-22.90067	-43.12199	-22.90371	-43.12273	-22.89647	-43.12476	-22.89592	-43.12417	-22.90369	-43.12538	-22.89611	-43.12112	-22.90322	-43.12657	-22.89581	-43.12202	-22.90328	-43.12714	-22.89678	-43.12719	-22.90501	-43.11882	-22.8939	-43.12397	-22.89653	-43.12876	-22.90758	-43.12594	-22.89486	-43.11948	0	411	556	635	661	701	768	800	817	820	868	878	993	1013	1030	1
48	50	35	27	29	18	31	24	53	40	49	26	32	54	23	-22.90067	-43.12199	-22.90371	-43.12273	-22.88648	-43.12292	-22.89592	-43.12417	-22.8904	-43.12693	-22.905087	-43.107453	-22.89018	-43.12158	-22.89581	-43.12202	-22.90328	-43.12714	-22.89678	-43.12719	-22.90501	-43.11882	-22.8939	-43.12397	-22.89379	-43.11705	-22.90758	-43.12594	-22.89486	-43.11948	0	411	2107	1191	1307	3650	2692	680	817	820	868	878	744	2496	1030	0
49	5	10	9	50	16	51	48	54	52	53	1	11	17	60	-22.90501	-43.11882	-22.903924	-43.116136	-22.903908	-43.115915	-22.902568	-43.115071	-22.90371	-43.12273	-22.903264	-43.114348	-22.90369	-43.12538	-22.90067	-43.12199	-22.90758	-43.12594	-22.90322	-43.12657	-22.90328	-43.12714	-22.899432	-43.110969	-22.899365	-43.109524	-22.910699	-43.10948	-22.90827	-43.13023	0	320	384	491	567	577	837	868	921	965	1023	1060	1205	1344	1360	1
49	5	10	30	4	16	13	48	54	52	53	1	11	27	60	-22.90501	-43.11882	-22.903924	-43.116136	-22.903908	-43.115915	-22.88953	-43.12773	-22.906722	-43.098958	-22.903264	-43.114348	-22.9051	-43.097991	-22.90067	-43.12199	-22.90758	-43.12594	-22.90322	-43.12657	-22.90328	-43.12714	-22.899432	-43.110969	-22.899365	-43.109524	-22.89592	-43.12417	-22.90827	-43.13023	0	320	384	3520	4294	2065	2281	3034	921	965	1023	1060	1205	1960	1834	0
50	51	52	48	53	49	54	57	5	10	47	58	27	9	60	-22.90371	-43.12273	-22.90369	-43.12538	-22.90322	-43.12657	-22.90067	-43.12199	-22.90328	-43.12714	-22.90501	-43.11882	-22.90758	-43.12594	-22.90464	-43.1302	-22.903924	-43.116136	-22.903908	-43.115915	-22.89647	-43.12476	-22.90543	-43.13155	-22.89592	-43.12417	-22.902568	-43.115071	-22.90827	-43.13023	0	270	398	411	455	567	640	806	887	951	967	969	1047	1058	1079	1
50	2	28	48	53	37	54	57	5	33	47	58	44	9	60	-22.90371	-43.12273	-22.901827	-43.099318	-22.89101	-43.12368	-22.90067	-43.12199	-22.90328	-43.12714	-22.88544	-43.1214	-22.90758	-43.12594	-22.90464	-43.1302	-22.903924	-43.116136	-22.89511	-43.11649	-22.89647	-43.12476	-22.90543	-43.13155	-22.88676	-43.11535	-22.902568	-43.115071	-22.90827	-43.13023	0	2901	3348	1187	455	2454	2984	806	887	1504	1064	969	3346	2012	1079	0
51	52	53	50	57	54	48	58	49	40	46	56	60	47	55	-22.90369	-43.12538	-22.90322	-43.12657	-22.90328	-43.12714	-22.90371	-43.12273	-22.90464	-43.1302	-22.90758	-43.12594	-22.90067	-43.12199	-22.90543	-43.13155	-22.90501	-43.11882	-22.89678	-43.12719	-22.90004	-43.13109	-22.90147	-43.13138	-22.90827	-43.13023	-22.89647	-43.12476	-22.90118	-43.13226	0	128	186	270	536	613	661	700	837	885	894	899	977	995	1023	1
51	52	53	12	57	54	48	35	5	40	46	56	60	47	55	-22.90369	-43.12538	-22.90322	-43.12657	-22.90328	-43.12714	-22.900926	-43.103558	-22.90464	-43.1302	-22.90758	-43.12594	-22.90067	-43.12199	-22.88648	-43.12292	-22.903924	-43.116136	-22.89678	-43.12719	-22.90004	-43.13109	-22.90147	-43.13138	-22.90827	-43.13023	-22.89647	-43.12476	-22.90118	-43.13226	0	128	186	2860	3210	613	661	1696	2945	2042	894	899	977	995	1023	0
52	53	51	50	57	58	54	46	48	56	60	55	40	49	47	-22.90322	-43.12657	-22.90328	-43.12714	-22.90369	-43.12538	-22.90371	-43.12273	-22.90464	-43.1302	-22.90543	-43.13155	-22.90758	-43.12594	-22.90004	-43.13109	-22.90067	-43.12199	-22.90147	-43.13138	-22.90827	-43.13023	-22.90118	-43.13226	-22.89678	-43.12719	-22.90501	-43.11882	-22.89647	-43.12476	0	58	128	398	408	571	741	766	768	771	849	895	960	965	1069	1
52	53	51	22	50	58	54	46	48	56	60	12	26	49	47	-22.90322	-43.12657	-22.90328	-43.12714	-22.90369	-43.12538	-22.907782	-43.106361	-22.90371	-43.12273	-22.90543	-43.13155	-22.90758	-43.12594	-22.90004	-43.13109	-22.90067	-43.12199	-22.90147	-43.13138	-22.90827	-43.13023	-22.900926	-43.103558	-22.8939	-43.12397	-22.90501	-43.11882	-22.89647	-43.12476	0	58	128	2553	2286	969	741	766	768	771	849	3338	2574	1746	1069	0
53	52	51	57	50	58	46	56	60	54	48	55	40	41	49	-22.90328	-43.12714	-22.90322	-43.12657	-22.90369	-43.12538	-22.90464	-43.1302	-22.90371	-43.12273	-22.90543	-43.13155	-22.90004	-43.13109	-22.90147	-43.13138	-22.90827	-43.13023	-22.90758	-43.12594	-22.90067	-43.12199	-22.90118	-43.13226	-22.89678	-43.12719	-22.89653	-43.12876	-22.90501	-43.11882	0	58	186	350	455	514	709	713	791	798	817	838	888	1015	1023	1
53	24	51	57	23	58	46	30	21	54	48	55	40	41	49	-22.90328	-43.12714	-22.89581	-43.12202	-22.90369	-43.12538	-22.90464	-43.1302	-22.89486	-43.11948	-22.90543	-43.13155	-22.90004	-43.13109	-22.88953	-43.12773	-22.904373	-43.103814	-22.90758	-43.12594	-22.90067	-43.12199	-22.90118	-43.13226	-22.89678	-43.12719	-22.89653	-43.12876	-22.90501	-43.11882	0	1321	1239	350	1901	2065	709	2367	3646	2992	817	838	888	1015	1023	0
54	60	51	50	59	52	53	57	58	49	48	56	5	61	55	-22.90758	-43.12594	-22.90827	-43.13023	-22.90369	-43.12538	-22.90371	-43.12273	-22.90653	-43.13089	-22.90322	-43.12657	-22.90328	-43.12714	-22.90464	-43.1302	-22.90543	-43.13155	-22.90501	-43.11882	-22.90067	-43.12199	-22.90147	-43.13138	-22.903924	-43.116136	-22.90343	-43.13565	-22.90118	-43.13226	0	436	613	640	690	741	798	805	876	921	1031	1167	1241	1271	1292	1
54	60	29	45	59	52	53	57	58	22	48	25	5	32	55	-22.90758	-43.12594	-22.90827	-43.13023	-22.8904	-43.12693	-22.8917	-43.11368	-22.90653	-43.13089	-22.90322	-43.12657	-22.90328	-43.12714	-22.90464	-43.1302	-22.90543	-43.13155	-22.907782	-43.106361	-22.90067	-43.12199	-22.89611	-43.12112	-22.903924	-43.116136	-22.89379	-43.11705	-22.90118	-43.13226	0	436	3103	1982	3534	741	798	805	876	3252	2309	701	1886	1680	2025	0
55	56	46	61	57	41	58	40	53	52	60	51	47	27	59	-22.90118	-43.13226	-22.90147	-43.13138	-22.90004	-43.13109	-22.90343	-43.13565	-22.90464	-43.1302	-22.89653	-43.12876	-22.90543	-43.13155	-22.89678	-43.12719	-22.90328	-43.12714	-22.90322	-43.12657	-22.90827	-43.13023	-22.90369	-43.12538	-22.89647	-43.12476	-22.89592	-43.12417	-22.90653	-43.13089	0	120	174	468	521	642	685	771	838	895	962	1023	1041	1111	1217	1
55	56	46	61	57	41	32	40	53	36	50	51	47	27	59	-22.90118	-43.13226	-22.90147	-43.13138	-22.90004	-43.13109	-22.90343	-43.13565	-22.90464	-43.1302	-22.89653	-43.12876	-22.89379	-43.11705	-22.89678	-43.12719	-22.90328	-43.12714	-22.88544	-43.12166	-22.90371	-43.12273	-22.90369	-43.12538	-22.89647	-43.12476	-22.89592	-43.12417	-22.90653	-43.13089	0	120	174	468	521	642	1377	1274	838	2428	2316	270	1041	1111	1217	0
56	55	46	57	58	61	41	53	40	52	60	51	47	27	59	-22.90147	-43.13138	-22.90118	-43.13226	-22.90004	-43.13109	-22.90464	-43.1302	-22.90543	-43.13155	-22.90343	-43.13565	-22.89653	-43.12876	-22.90328	-43.12714	-22.89678	-43.12719	-22.90322	-43.12657	-22.90827	-43.13023	-22.90369	-43.12538	-22.89647	-43.12476	-22.89592	-43.12417	-22.90653	-43.13089	0	120	199	396	560	596	666	713	728	771	837	899	998	1068	1092	1
56	35	46	57	44	61	22	53	40	52	4	11	47	27	59	-22.90147	-43.13138	-22.88648	-43.12292	-22.90004	-43.13109	-22.90464	-43.1302	-22.88676	-43.11535	-22.90343	-43.13565	-22.907782	-43.106361	-22.90328	-43.12714	-22.89678	-43.12719	-22.90322	-43.12657	-22.906722	-43.098958	-22.899365	-43.109524	-22.89647	-43.12476	-22.89592	-43.12417	-22.90653	-43.13089	0	2288	2090	396	3183	3340	3910	2742	728	771	3563	1535	2043	1068	1092	0
57	58	53	56	52	60	55	51	46	59	54	50	61	40	41	-22.90464	-43.1302	-22.90543	-43.13155	-22.90328	-43.12714	-22.90147	-43.13138	-22.90322	-43.12657	-22.90827	-43.13023	-22.90118	-43.13226	-22.90369	-43.12538	-22.90004	-43.13109	-22.90653	-43.13089	-22.90758	-43.12594	-22.90371	-43.12273	-22.90343	-43.13565	-22.89678	-43.12719	-22.89653	-43.12876	0	163	350	396	408	475	521	536	600	730	805	806	997	1053	1068	1
57	58	53	37	52	60	5	21	22	59	54	50	61	40	41	-22.90464	-43.1302	-22.90543	-43.13155	-22.90328	-43.12714	-22.88544	-43.1214	-22.90322	-43.12657	-22.90827	-43.13023	-22.903924	-43.116136	-22.904373	-43.103814	-22.907782	-43.106361	-22.90653	-43.13089	-22.90758	-43.12594	-22.90371	-43.12273	-22.90343	-43.13565	-22.89678	-43.12719	-22.89653	-43.12876	0	163	350	2454	2445	475	1680	1781	541	3334	805	806	997	1053	1068	0
58	57	60	53	56	52	55	51	59	46	54	61	50	40	41	-22.90543	-43.13155	-22.90464	-43.1302	-22.90827	-43.13023	-22.90328	-43.12714	-22.90147	-43.13138	-22.90322	-43.12657	-22.90118	-43.13226	-22.90369	-43.12538	-22.90653	-43.13089	-22.90004	-43.13109	-22.90758	-43.12594	-22.90343	-43.13565	-22.90371	-43.12273	-22.89678	-43.12719	-22.89653	-43.12876	0	163	476	514	560	571	685	700	739	764	876	886	969	1216	1231	1
58	57	60	53	38	52	15	51	59	19	36	61	50	24	41	-22.90543	-43.13155	-22.90464	-43.1302	-22.90827	-43.13023	-22.90328	-43.12714	-22.88808	-43.11458	-22.90322	-43.12657	-22.906818	-43.106869	-22.90369	-43.12538	-22.90653	-43.13089	-22.903591	-43.108331	-22.88544	-43.12166	-22.90343	-43.13565	-22.90371	-43.12273	-22.89581	-43.12202	-22.89653	-43.12876	0	163	476	514	2782	2774	2601	2478	739	3028	2863	2944	969	1212	804	0
59	60	54	57	58	53	56	61	52	55	51	46	50	49	48	-22.90653	-43.13089	-22.90827	-43.13023	-22.90758	-43.12594	-22.90464	-43.1302	-22.90543	-43.13155	-22.90328	-43.12714	-22.90147	-43.13138	-22.90343	-43.13565	-22.90322	-43.12657	-22.90118	-43.13226	-22.90369	-43.12538	-22.90004	-43.13109	-22.90371	-43.12273	-22.90501	-43.11882	-22.90067	-43.12199	0	263	690	730	739	1046	1092	1098	1104	1217	1232	1296	1334	1615	1725	1
59	60	54	20	58	47	43	61	52	55	24	46	50	49	48	-22.90653	-43.13089	-22.90827	-43.13023	-22.90758	-43.12594	-22.900627	-43.098892	-22.90543	-43.13155	-22.89647	-43.12476	-22.88978	-43.11767	-22.90343	-43.13565	-22.90322	-43.12657	-22.90118	-43.13226	-22.89581	-43.12202	-22.90004	-43.13109	-22.90371	-43.12273	-22.90501	-43.11882	-22.90067	-43.12199	0	263	690	3396	3870	1486	1359	2817	1104	1217	1451	1277	1334	1615	1725	0
60	59	54	57	58	53	61	56	52	55	51	46	50	49	48	-22.90827	-43.13023	-22.90653	-43.13089	-22.90758	-43.12594	-22.90464	-43.1302	-22.90543	-43.13155	-22.90328	-43.12714	-22.90343	-43.13565	-22.90147	-43.13138	-22.90322	-43.12657	-22.90118	-43.13226	-22.90369	-43.12538	-22.90004	-43.13109	-22.90371	-43.12273	-22.90501	-43.11882	-22.90067	-43.12199	0	263	436	475	476	791	835	837	849	962	977	1041	1079	1360	1470	1
60	59	54	21	58	12	61	56	52	55	6	32	3	49	48	-22.90827	-43.13023	-22.90653	-43.13089	-22.90758	-43.12594	-22.904373	-43.103814	-22.90543	-43.13155	-22.900926	-43.103558	-22.90343	-43.13565	-22.90147	-43.13138	-22.90322	-43.12657	-22.90118	-43.13226	-22.910016	-43.101377	-22.89379	-43.11705	-22.90007	-43.106351	-22.90501	-43.11882	-22.90067	-43.12199	0	263	436	2992	3505	3374	3905	837	849	962	4149	2714	1574	1699	1470	0
61	55	56	46	60	58	57	59	41	40	54	53	52	51	47	-22.90343	-43.13565	-22.90118	-43.13226	-22.90147	-43.13138	-22.90004	-43.13109	-22.90827	-43.13023	-22.90543	-43.13155	-22.90464	-43.1302	-22.90653	-43.13089	-22.89653	-43.12876	-22.89678	-43.12719	-22.90758	-43.12594	-22.90328	-43.12714	-22.90322	-43.12657	-22.90369	-43.12538	-22.89647	-43.12476	0	468	596	642	835	886	997	1098	1110	1239	1271	1314	1372	1500	1509	1
61	55	56	45	60	58	19	59	26	40	54	53	52	2	47	-22.90343	-43.13565	-22.90118	-43.13226	-22.90147	-43.13138	-22.8917	-43.11368	-22.90827	-43.13023	-22.90543	-43.13155	-22.903591	-43.108331	-22.90653	-43.13089	-22.8939	-43.12397	-22.89678	-43.12719	-22.90758	-43.12594	-22.90328	-43.12714	-22.90322	-43.12657	-22.901827	-43.099318	-22.89647	-43.12476	0	468	596	2513	3279	886	2950	3028	2292	555	1271	1314	1372	3258	3262	0
62	45	32	33	38	1	42	44	23	11	43	25	8	24	26	-22.89374	-43.11292	-22.8917	-43.11368	-22.89379	-43.11705	-22.89511	-43.11649	-22.88808	-43.11458	-22.899432	-43.110969	-22.88926	-43.11698	-22.88676	-43.11535	-22.89486	-43.11948	-22.899365	-43.109524	-22.88978	-43.11767	-22.89611	-43.12112	-22.901785	-43.107909	-22.89581	-43.12202	-22.8939	-43.12397	0	279	464	576	668	751	816	846	875	881	881	1151	1163	1190	1208	1
62	45	48	33	38	1	42	44	22	11	43	56	8	51	26	-22.89374	-43.11292	-22.8917	-43.11368	-22.90067	-43.12199	-22.89511	-43.11649	-22.88808	-43.11458	-22.899432	-43.110969	-22.88926	-43.11698	-22.88676	-43.11535	-22.907782	-43.106361	-22.899365	-43.109524	-22.88978	-43.11767	-22.90147	-43.13138	-22.901785	-43.107909	-22.90369	-43.12538	-22.8939	-43.12397	0	279	1968	1387	668	751	816	846	2810	1298	881	2329	2906	2288	1429	0
